              precision    recall  f1-score   support

           0       0.97      0.98      0.98       196
           1       0.98      1.00      0.99       227
           2       0.95      0.94      0.95       206
           3       0.95      0.95      0.95       202
           4       0.93      0.95      0.94       196
           5       0.96      0.93      0.95       178
           6       0.96      0.98      0.97       192
           7       0.96      0.94      0.95       206
           8       0.95      0.94      0.94       195
           9       0.94      0.95      0.94       202

    accuracy                           0.95      2000
   macro avg       0.95      0.95      0.95      2000
weighted avg       0.96      0.95      0.95      2000
